1000    68      109     162     45106161.439970 28351559.141412 19108775.933568
2000    101     123     212     33467927.597184 25206734.849873 15195395.891051
3000    88      200     206     38201122.499182 16199364.178966 15190289.687003
请按任意键继续. . .
1000    65      112     168     47589656.440009 27791815.671589 18448659.284329
2000    65      122     165     47642266.712336 25516272.553077 18799839.094170
3000    72      141     166     43394125.597434 22141008.400646 18765725.474526
请按任意键继续. . .
1000    68      117     158     45734443.290581 26608246.393786 19669604.472631
2000    67      128     163     46231951.268019 24358695.773822 19111026.235589
3000    70      137     167     44547412.828612 22670016.814123 18654278.570997
请按任意键继续. . .
1000    70      108     172     44225162.363601 28754040.883793 18208882.134478
2000    71      119     168     43675243.390606 25953853.180287 18555238.849996
3000    71      140     161     43602673.903870 22242754.994143 19240226.907634
请按任意键继续. . .
1000    88      107     167     38494326.291650 28843700.248705 18721981.107898
2000    69      120     165     44720888.635989 25774771.910168 18810041.713076
3000    69      138     169     44685716.870250 22472561.843615 18437996.160379
请按任意键继续. . .
1000    65      112     165     47408957.844533 27751145.508867 18835857.702500
2000    72      134     161     43442296.624874 23392335.985977 19337103.871351
3000    69      140     160     44775464.633760 22158501.803895 19339460.329033
请按任意键继续. . .
1000    67      111     165     46518026.105048 28016418.083616 18913641.077234
2000    66      120     175     46787485.525216 25754163.573476 17871028.209195
3000    75      138     160     41456151.989977 22549227.399400 19347487.037384