408
408
414
81
1834
85
951
566
132
94
384
1090
207
184
2239
34
97
97
97
444
154
353
97
97
34
155
46
34
34
34
34
34
34
122
34
34
34
34
34
34
34
34
34
34
34
34
44
34
34
34
34
34
34
34
34
34
34
34
45
34
34
34
218
34
244
34
104
97
51
51
660
2282
501
266
89
40
500
820
458
1494
144
72
44
78
99
117
39
240
1759
39
466
320
39
78
201
39
631
273
196
14267
234
225
340
39
60
3994
199
613
2576
356
237
67
39
197
1416
39
39
995
1020
2330
1124
3250
2804
50
210
518
78
152
78
1180
117
34
117
2073
10118
39
39
579
623
292
195
136
152
154
233
1665
135
145
283
1030
339
51
433
50
153
995
942
246
402
896
230
461
145
225
802
161
132
408
273
388
246
246
716
118
182
107
158
171
152
10880
150
240
10880
138
178
159
196
10880
265
247
40
408
2214
70
526
83
140
246
246
69
69
80
80
70
69
69
72
138
83
72
141
69
72
80
738
246
246
246
246
41
89
89
118
40
40
782601
76
80
779487
664
5890
58605
4173
339
220
76
132
693344
61
1514
1032
688
343
328
1968
701
1023
346
340
38
341
341
341
684
684
347
2052
335
349
349
70
124
168
155
155
155
170136
76
68
196
408
85
1824
255
41
89
164
624
342
57
77
324
338
141
78
76
314
314
71
80
134
143
76
85
278
68
155
509
228
350
290
679
410
1824
119
424
81
36
143
143
97
512
180
82
82
82
82
50
559
322
538
156
80
160
80
341
210
295
936
80
170
178
82
85
267
41
89
89
999
161
309
38
34
34
34
34
34
34
68
34
79
34
72
38
34
38
38
34
85
97
201
34
72
77
34
34
34
38
38
34
38
97
34
38
34
38
34
34
34
38
141
38
38
38
47
34
113
34
41
34
43
68
34
190
68
102
34
34
265
68
212
34
34
34
34
34
34
34
34
34
34
121
34
34
90
68
34
34
34
34
34
151
393
1452442
316
290
222
198
246
204
304
1612
607
2887
906
511
2154
1317
1423
712
171
961
451
309
144
144
458
580016
15378
323
1934
716
540
628
80
320
213
346
1820
207
243
194
288
1845
915
164
222
243
227
36
1775
63
65
68
598
66
65
4446
72
140
81
2448
614
77
40
74
66
67
70
7220
181
296
201
228
94
376
303
213
163
306
39
796
52
292
213
459
3589
556
269
222
444
1941
44
2313
418
516
39
39
60
1564
39
34
34
220
50
331
1125
201
183
40
117
585
1477
3759
507
546
624
120
40
245
4780
60
78
39
297
76
209
78
143
1174
1138
64
1403
39
335
78
78
248
39
99
78
450
170
356
328
362
452
621
1493
1222
78
3413
1246
44
47
34
21252
1509
487
658
197
2382
1965
262
270
132
165
72
278
42
178
1491
379
384
191
45
143
40
38
38
68
44
51
608
130
225
136
408
408
50
36
51
408
342
715
80
165
203
36
102
36
120
408
408
408
408
408
408
408
408
511
737
315
433
195
78
318
1859
373
282
313
313
39
408
782
408
408
52
408
408
193
57
89
408
92
210
286
143
50
408
155
195
138
408
194
97
408
57
177
439
408
36
51
36
50
408
408
57
46
103
143
57
434
151
408
408
408
122
120
685
408
50
120
338
208
408
50
50
50
408
408
408
408
197
233
500
145
408
286
165
246
38
600
200
50
408
50
50
408
1020
354
63
27097
108
251
591
168
273
156
50
335
236
408
408
408
408
408
408
63
408
408
408
408
408
470
408
408
408
408
408
408
408
408
408
408
50
408
408
408
57
408
408
408
46
57
408
315
81
147
394
463
378
81
161
408
408
408
408
376
408
408
312
551
130
185
432
44
2695
50
92
300
136
74
388
410
147
507
103
409
212
408
408
408
408
408
408
50
315
153
110
152
72
36
223
206
384
515
156
224
179
192
188
198
201
50
97
144
50
408
408
408
408
408
408
36
408
46
126
408
408
772
408
207
408
38
50
36
207
536
130
296
408
408
408
58
50
408
36
159
408
50
50
36
408
408
492
408
86
44
447
408
735
50
36
50
58
408
46
233
36
162
408
408
50
408
3976
13931
81
159
50
50
143
63
408
408
408
50
233
408
154
408
408
408
408
408
36
86
50
50
408
408
219
36
44
44
44
44
44
44
44
44
408
36
113
334
184
349
286
408
36
51
408
408
408
86
408
408
36
51
50
408
408
408
130
408
408
50
408
408
256
408
209
78
60
408
408
408
408
51
51
408
408
272
490
229
239
180
397
26565
491
76
408
37
97
408
408
408
408
494
408
36
36
36
50
408
50
50
408
165
238
137
951
143
378
156
67
39
156
44
78
78
234
74
57
50
150
38
50
100
200
400
50
38
150
88
50
100
200
1100
250
50
38
50
38
250
200
50
550
150
400
65
50
1350
200
72
450
150
50
38
50
57
50
50
408
50
37
37
50
408
44
44
387
603
747
862
790
222
246
233
50
50
51
545
408
408
50
408
50
44
44
376
408
408
40
408
408
408
408
408
50
117
39
156
48
44
44
39
175
408
134
369
121
50
51
44
44
44
502
650
50
214
51
137
178
89
41
89
144
201
408
408
408
408
408
1116
68
1202
34
50
36
50
408
57
51
50
408
174
256
1639
85
136
2002
260
543
248
80
314
90
666
160
153
50
52
38
150
100
50
352
188
150
200
200
100
250
300
150
50
450
72
50
150
352
200
1150
172
150
72
52
600
400
44
50
100
72
50
50
200
200
44
472
50
38
300
150
311
50
89
89
114
666
50
408
213
50
50
36
335
50
36
193
50
44
492
44
44
44
44
44
39
36
50
50
408
225
119
50
51
50
408
408
408
408
122
408
51
493
36
139
50
36
143
50
90
408
408
233
143
143
143
143
143
97
50
36
156
50
50
57
50
50
554
217
431
179
933
193
50
89
114
49
36
408
1393
50
50
34
185
137
250
350
38
100
74
100
250
408
36
50
50
36
34
44
408
408
50
36
233
50
36
408
625
57
50
220
408
408
50
34
112
408
634
358
342
44
39
44
44
44
44
44
44
120
44
44
44
44
44
44
44
44
44
50
86
185
89
408
408
91
210
408
408
408
408
408
408
408
50
408
57
408
408
36
318
408
408
50
408
408
408
134
408
198
86
36
50
51
50
408
408
216
408
233
457
700
216
207
614
296
408
80
408
408
408
408
511
126
408
501
320
322
137
188
306
319
80
174
163
168
130
50
140
295
230
155
356
2169
2184
2496
2340
245
634
771
770
504
154
280
5065
408
507
408
50
201
133
315
315
171
243
243
225
171
297
315
225
225
243
171
225
225
243
333
315
225
243
333
225
315
243
315
243
243
333
225
315
225
225
243
243
171
225
261
315
243
315
315
243
243
225
333
315
261
333
297
333
225
243
89
164
89
49
89
108
51
44
51
97
97
780
39
39
156
44
78
39
44
257
44
44
44
44
39
39
44
303
44
44
250
156
138
44
99
1245
134
408
165
97
51
205
436
52
108
51
44
296
51
91
218
102
51
153
408
75
257
50
246
51
51
44
193
143
243
243
143
120
36
57
143
143
408
2355
618
144
214
401
51
165
44
151
408
151
38
100
50
50
300
100
543
240
309
396
310
408
206
192
408
408
408
36
135
408
51
551
507
742
57
408
408
408
408
408
408
83
402
408
313
408
68
314
408
408
408
408
408
408
408
304
80
532
51
17708
1080
283
193
552
50
178
97
304
193
41
89
34
51
108
51
41
36
72
40
97
151
34
51
138
419
86
1090
173
282
39
408
39
233
156
1740
1344
548
723
39
39
487
39
788
39
39
474
146
79
566
874
13082
39
1595
627
39
117
1311
78
39
7768
67
156
692
39
2025
39
39
325
39
201
382
39
44
102
630
201
222
75
235
324
507
39
501
39
304
39
677
60
39
518
333
78
39
185
790
360
1157
4258
78
39
182
347
1709
39
242
89
663
358
60
7098
355
1593
195
311
39
78
40
80
10044
39
39
39
39
39
50
78
262
138
200
56
316
80
408
225
545
743
39
39
273
1302
73
44
394
335
271
51
51
51
51
57
68
57
233
205
545
51
57
51
878
106
106
55
106
57
97
1876
200
52
67
39
39
51
51
51
364
6016
408
99
539
44
940
622
117
78
78
1282
2366
1315
44
914
78
44
1548
663
78
39
417
3653
156
60
293
39
72
290
39
39
1266
78
117
1893
117
39
219
641
94
111
39
39
39
39
156
193
80
49
159
233
82
82
82
82
82
82
82
82
82
82
82
82
82
82
82
82
82
82
408
74
406
408
408
408
408
408
408
408
408
408
368
408
48
307
39
49
120
2160
244
34
217
408
408
408
408
408
408
408
408
408
408
528
528
39
177
183
75
78
39
402
68
60
234
39
408
39
219
277
39
775
408
408
408
408
408
408
80
132
1381
242
555
139
1928
678
81
462
781
845
362
656
1280
1280
162
81
151
408
408
408
649
194
171
138
338
531
507
394
143
137
317
139
337
1323
76
654
161
266
118
132
248
202
392
2483
771
260
171
158
316
79
518
159
493
231
172
214
408
408
408
142
130
150
120
81
185
167
82
408
408
374
127
1407
312
264
994
112
504
408
161
589
474
1420
239
425
658
1180
58
254
336
11552
197
1711
219
262
539
398
1458
81
177
333
408
408
408
153
883
242
443
227
408
408
408
408
197
138
330
408
408
408
338
263
125
396
245
408
150
153
301
1268
408
408
408
142
408
408
408
408
408
408
408
408
408
408
408
408
408
408
408
408
408
408
408
124
408
408
408
292
893
512
408
408
408
408
616
408
2873
408
415
408
512
217
408
229
408
75
114
408
57
114
408
408
408
408
408
500
50
50
72
50
50
450
750
50
850
100
408
408
408
92
408
408
117
408
162
215
272
602
408
740
314
408
408
408
408
837
408
408
408
408
205
408
408
190
408
408
408
408
408
57
408
408
408
408
408
408
408
408
408
408
122
135
147
231
408
408
1164
408
408
408
408
408
1146
51
408
408
408
128
408
408
408
388
298
408
408
408
766
517
139
120
408
288
408
408
50
86
36
36
408
408
408
408
204
124
186
287
79
80
340
408
408
408
408
408
408
408
408
408
408
114
408
408
408
408
143
349
408
408
408
408
408
408
408
408
408
408
408
408
80
239
408
408
408
408
408
408
115
408
204
408
408
408
360
408
408
408
408
408
408
408
408
408
408
408
298
408
408
408
415
120
408
191
408
408
408
408
408
408
406
346
304
132
1159
110
408
408
46
408
408
408
408
408
925
182
183
585
36
408
408
320
160
444
408
408
408
408
408
408
408
408
408
408
408
408
408
408
408
408
408
408
408
408
408
408
408
408
408
408
408
408
408
408
408
193
408
408
525
408
408
408
408
150
82
78
408
50
408
408
408
408
408
122
300
160
408
408
21160
408
444
194
264
141
454
249
304
408
408
408
408
408
41538
408
408
768
197
214
529
404
483
408
408
51
408
408
408
408
160
156
408
408
408
408
110
408
408
408
408
408
408
408
408
105
408
279
408
408
408
356
92
92
408
408
405
1117
408
408
69
408
408
408
110
408
408
344
2940
408
408
408
408
408
408
177
408
153
257
408
408
92
408
408
408
408
408
408
408
408
408
104
408
134
148
133
97
198
408
167
195
92
288
408
408
408
408
408
504
408
122
80
408
408
179
115
408
408
408
408
408
408
408
408
408
2548
408
408
408
408
408
408
408
408
408
408
408
408
408
408
408
408
408
408
408
408
408
198
92
151
408
408
408
408
408
408
408
408
408
408
500
275
408
408
408
479
408
396
408
408
462
408
408
50
408
173
408
408
408
408
408
408
408
36
408
408
408
136
408
408
408
408
408
408
408
150
44
188
408
408
408
408
408
408
408
408
408
73
408
408
408
408
44
408
408
408
50
900
50
250
50
250
50
50
38
72
100
100
150
250
150
350
38
50
38
450
50
38
100
450
38
50
38
38
50
38
100
50
100
38
50
207
218
164
97
50
36
408
408
233
408
408
408
408
408
408
408
408
408
44
96
44
44
57
50
36
408
41
137
408
408
408
408
408
408
408
408
408
408
408
408
408
408
408
408
86
34
67
36
50
50
408
50
408
50
228
89
360
50
36
36
36
408
36
408
57
408
50
86
86
408
339
50
408
408
408
408
408
408
408
408
408
408
408
408
408
408
408
408
408
408
408
408
408
408
408
408
114
408
408
408
408
408
408
408
408
136
408
408
408
408
408
408
408
408
408
408
408
408
408
408
136
408
408
408
408
408
408
408
408
408
408
408
408
743
82
408
408
408
408
408
408
408
408
408
408
408
408
408
408
408
408
408
408
408
408
390
533
78
130
306
594
408
408
408
408
408
408
97
141
96
572
51
34
34
34
177
43
34
34
34
68
34
118
92
55
34
133
34
49
34
90
49
45
34
49
42
86
45
99
34
92
54
45
45
45
34
34
43
47
34
34
34
34
90
34
34
88
106
90
45
45
34
34
34
45
34
34
54
81
91
34
34
45
34
34
79
34
246
233
466
522
44
44
44
1233
82
82
82
82
82
82
82
82
82
82
82
82
82
82
82
408
309
209
73
936
38
38
945
408
97
240
67
125
68
143
622
141
70
207
76
131
186
207
71
65
64
62
77
63
66
66
74
64
60
65
342
65
60
690
70
72
130
2109
74
66
65
138
197
890
2029
286
82
82
82
82
82
82
82
82
82
82
82
82
82
82
82
82
82
82
82
82
82
82
82
82
82
82
82
82
82
82
82
82
82
82
82
82
82
82
82
82
82
82
82
82
134
82
82
82
82
82
82
82
82
82
82
82
82
82
82
82
82
82
82
82
82
82
82
82
82
82
82
82
82
82
82
82
82
82
82
82
51
82
82
82
82
82
82
408
408
408
408
408
408
408
408
408
408
408
408
408
408
408
408
408
408
408
408
408
408
408
408
408
408
408
408
408
408
408
408
408
408
408
408
408
408
408
408
408
408
408
408
408
408
408
408
408
408
408
408
408
408
408
408
408
408
408
408
408
408
408
408
408
408
408
408
408
408
408
408
408
408
408
408
408
408
408
408
408
408
408
408
408
408
408
408
408
408
408
408
408
408
408
408
408
408
408
408
408
408
408
408
408
408
408
408
408
408
408
408
408
408
408
408
408
408
408
408
408
408
408
408
408
408
408
408
408
408
408
408
408
408
408
408
408
408
408
408
408
408
408
408
408
408
408
408
408
408
408
408
408
408
408
408
408
408
408
408
408
408
408
408
408
408
408
408
408
408
408
408
408
408
408
408
408
408
408
408
408
408
408
408
408
408
408
408
408
408
408
408
408
408
408
408
408
408
408
408
408
408
408
408
408
408
408
408
408
408
408
408
408
408
408
408
408
408
408
408
408
408
408
408
408
408
408
408
408
408
408
408
408
408
408
408
408
408
408
408
408
408
408
408
408
408
408
408
408
408
408
408
408
408
408
408
408
408
408
408
408
408
408
408
408
408
408
408
408
408
408
408
408
408
408
408
408
408
408
408
408
408
408
408
408
408
408
408
408
408
408
408
408
408
408
408
408
408
408
408
408
408
408
408
408
408
408
408
408
408
408
408
408
408
408
408
408
408
408
408
408
408
408
408
408
408
408
408
408
408
408
408
408
408
408
408
408
408
408
408
408
408
408
408
408
408
408
408
408
408
408
408
408
408
408
408
408
408
408
408
408
408
408
408
408
408
408
408
408
408
408
408
408
408
408
408
408
408
408
408
408
408
408
408
408
408
408
408
408
408
408
408
408
408
408
408
408
408
408
408
408
408
408
408
408
408
408
408
408
408
408
408
408
408
408
408
408
408
408
408
408
408
408
408
408
408
408
408
408
408
408
408
408
408
408
408
408
408
408
408
408
408
408
408
408
408
408
408
408
408
408
408
408
408
408
408
408
408
408
408
408
408
408
408
408
408
408
408
408
408
408
408
408
408
408
408
408
408
408
408
408
408
408
408
408
408
408
408
408
408
408
408
408
408
408
408
408
408
408
408
408
408
408
408
408
408
408
408
408
408
408
408
408
408
408
408
408
408
408
408
408
408
408
408
408
408
408
408
408
408
408
408
408
408
408
408
408
408
408
408
408
408
408
408
408
408
408
408
408
408
408
408
408
408
408
408
408
408
408
408
408
408
408
408
408
408
408
408
408
408
408
408
408
408
408
408
408
408
408
408
408
408
408
408
408
408
408
408
408
408
408
408
408
408
408
408
408
408
408
408
408
408
408
408
408
408
408
408
408
408
408
408
408
408
408
408
408
408
408
408
408
408
408
408
408
408
408
408
408
408
408
408
408
408
408
408
408
408
408
408
408
408
408
408
408
408
408
408
408
408
408
408
408
408
408
408
408
408
408
408
408
408
408
408
408
408
408
408
408
408
408
408
408
408
408
408
408
408
408
408
408
408
408
408
408
408
408
408
408
408
408
408
408
408
408
408
408
408
408
408
408
408
408
408
408
408
408
408
408
408
408
408
408
408
408
408
408
408
408
408
408
408
408
408
408
408
408
408
408
408
408
408
408
408
408
408
408
408
408
408
408
408
408
408
408
408
408
408
408
408
408
408
408
408
408
408
408
408
408
408
408
408
408
408
408
408
408
408
408
408
408
408
408
408
408
408
408
408
408
408
408
408
408
408
408
408
408
408
408
408
408
408
408
408
408
408
408
408
408
408
408
408
408
408
408
408
408
408
408
408
408
408
408
408
408
408
408
408
408
408
408
408
408
408
408
408
408
408
408
408
408
408
408
408
408
408
408
408
408
408
408
408
408
408
408
408
408
408
408
408
408
408
408
408
408
408
408
408
408
408
408
408
408
408
408
408
408
408
408
408
408
408
408
408
408
408
408
408
408
408
408
408
408
408
408
408
408
408
408
408
408
408
408
408
408
408
408
408
408
408
408
408
408
408
408
408
408
408
408
408
408
408
408
408
408
408
408
408
408
408
408
408
408
408
408
408
408
408
408
408
408
408
408
408
408
408
408
408
408
408
408
408
408
408
408
408
408
408
408
408
408
408
408
408
408
408
408
408
408
408
408
408
408
408
408
408
408
408
408
408
408
408
408
408
408
408
408
408
408
408
408
408
408
408
408
408
408
408
408
408
408
408
408
408
408
408
408
408
408
408
408
408
408
408
408
408
408
408
408
408
408
408
408
408
408
408
408
408
408
408
408
408
408
408
408
408
408
408
408
408
408
408
408
408
408
408
408
408
408
408
408
408
408
408
408
408
408
408
408
408
408
408
408
408
408
408
408
408
408
408
408
408
408
408
408
408
408
408
408
408
408
408
408
408
408
408
408
408
408
408
408
408
408
408
408
408
408
408
408
408
408
408
408
408
408
408
408
408
408
408
408
408
408
408
408
408
408
408
408
408
408
408
408
408
408
408
408
408
408
408
408
408
408
408
408
408
408
408
408
408
408
408
408
408
408
408
408
408
408
408
408
408
408
408
408
408
408
408
408
408
408
408
408
408
408
408
408
408
408
408
408
408
408
408
408
408
408
408
408
408
408
408
408
408
408
408
408
408
408
408
408
408
408
408
408
408
408
408
408
408
408
408
408
408
408
408
408
408
408
408
408
408
408
408
408
408
408
408
408
408
408
408
408
408
408
408
408
408
408
408
408
408
408
408
408
408
408
408
408
408
408
408
408
408
408
408
408
408
408
408
408
408
408
408
408
408
408
408
408
408
408
408
408
408
408
408
408
408
408
408
408
408
408
408
408
408
408
408
408
408
408
408
408
408
408
408
408
408
408
408
408
408
408
408
408
408
408
408
408
408
408
408
408
408
408
408
408
408
408
408
408
408
408
408
408
408
408
408
408
408
408
408
408
408
408
408
408
408
408
408
408
408
408
408
408
408
408
408
408
408
408
408
408
408
408
408
408
408
408
408
408
408
408
408
408
408
408
408
408
408
408
408
408
408
408
408
408
408
408
408
408
408
408
408
408
408
408
408
408
408
408
408
408
408
408
408
408
408
408
408
408
408
408
408
408
408
408
408
408
408
408
408
408
408
408
408
408
408
408
408
408
408
408
408
408
408
408
408
408
408
408
408
408
408
408
408
408
408
408
408
408
408
408
408
408
408
408
408
408
408
408
408
408
408
408
408
408
408
408
408
408
408
408
408
408
408
408
408
408
408
408
408
408
408
408
408
408
408
408
408
408
408
408
408
408
408
408
408
408
408
408
408
408
408
408
408
408
408
408
408
408
408
408
408
408
408
408
408
408
408
408
408
408
408
408
408
408
408
408
408
408
408
408
408
408
408
408
408
408
408
408
408
408
408
408
408
408
408
408
408
408
408
408
408
408
408
408
408
408
408
408
408
408
408
408
408
408
408
408
50
50
82
82
82
82
82
82
82
82
82
82
82
82
82
82
82
82
82
82
408
408
408
408
408
408
408
408
408
408
408
408
408
408
408
408
408
408
408
408
408
408
408
408
408
408
408
408
408
408
408
408
408
408
408
408
408
408
408
408
408
408
408
408
408
408
408
408
408
408
408
408
408
408
408
408
408
408
408
408
408
408
408
408
408
408
408
408
408
408
408
408
408
408
82
82
82
82
82
82
82
82
82
82
82
82
82
82
82
82
36
82
82
82
82
82
82
82
82
82
82
82
82
82
82
82
82
82
82
82
82
82
82
82
82
82
82
82
82
82
82
82
300
250
50
250
1430
50
36
700
191
114
44
51
532
719
39
750
120
102
255
491
82
82
82
82
82
82
82
82
82
82
82
82
82
82
82
82
82
82
82
82
82
82
82
82
82
82
82
246
81
82
82
82
82
82
82
82
82
82
82
82
82
82
82
82
82
82
82
82
82
82
82
82
82
82
82
82
82
82
82
82
82
82
82
82
82
82
82
82
82
82
82
82
82
82
82
82
82
82
82
82
82
82
82
82
82
82
82
82
82
82
82
367
185
82
82
82
82
82
82
82
82
82
180
130
71
70
378
6832
19204
6832
64
67
205
44
44
44
82
82
82
82
82
82
82
82
82
82
82
82
82
82
82
44
44
80
143
130
97
82
82
82
82
82
82
82
82
82
82
82
82
82
82
82
82
82
82
82
82
82
82
82
82
82
82
82
82
82
82
82
82
82
50
82
82
82
50
185
50
106
34
34
34
74
680
106
34
51
108
51
193
97
80
68
47
51
210
87
228
193
68
51
51
68
97
34
222
97
97
43
144
67
68
34
143
92
34
34
81
68
34
114
91
408
51
51
50
67
74
718
388
70
78
51
82
82
82
82
82
82
82
82
82
82
82
82
82
82
82
82
82
82
82
82
82
82
82
82
82
82
82
82
82
82
82
82
82
82
82
82
82
82
82
82
52
36
82
82
82
82
82
82
82
82
82
82
82
82
82
82
82
82
82
82
82
82
82
82
82
82
82
82
82
82
82
82
82
82
82
82
82
51
850
82
82
82
82
82
82
82
82
82
82
82
82
82
82
82
82
82
82
82
82
82
82
82
82
82
82
82
82
82
82
82
38
82
82
82
82
82
82
82
82
82
82
82
82
82
82
82
82
82
82
82
82
82
82
82
82
82
82
82
82
82
82
82
82
82
82
82
82
82
82
82
82
82
82
82
82
82
82
82
82
82
82
82
82
82
82
82
82
50
50
82
82
82
82
82
82
82
82
82
82
82
82
82
82
82
82
82
82
82
82
82
82
82
82
50
73
82
82
82
82
82
82
82
188
82
82
82
82
82
82
82
82
82
82
82
82
82
82
82
82
82
82
82
82
82
82
82
50
143
246
250
97
82
82
82
82
82
82
82
82
82
82
82
82
82
82
246
82
82
82
82
82
82
82
82
82
82
82
82
82
82
82
82
82
82
82
82
82
82
82
82
82
82
82
82
82
82
82
82
82
82
82
82
82
82
82
82
82
82
82
82
82
82
82
82
82
82
82
82
82
82
82
82
82
82
82
82
82
82
82
82
82
82
82
82
82
82
82
82
82
82
82
82
82
82
82
82
82
82
82
82
82
82
82
82
82
82
82
82
82
82
82
82
82
82
82
82
82
82
82
82
82
82
82
82
82
82
82
82
82
82
82
82
82
82
82
82
82
82
82
82
82
82
82
82
82
82
82
82
82
82
82
82
82
82
82
82
82
82
82
82
82
82
82
82
82
82
82
82
82
82
82
82
82
82
82
82
82
82
82
82
150
82
82
82
82
82
82
82
82
82
82
82
82
82
82
82
82
82
82
82
82
82
82
82
82
82
82
82
82
82
82
82
82
82
82
82
82
82
82
69
272
82
82
82
82
82
82
82
82
82
82
82
82
82
82
82
82
82
82
82
50
80
82
82
82
82
82
82
82
82
82
82
82
82
82
82
82
82
82
100
88
50
82
82
82
82
82
82
82
82
143
82
82
82
82
82
82
984
51
82
82
82
82
82
82
82
82
82
50
200
50
246
143
82
82
82
82
82
82
82
82
82
82
82
82
82
82
82
82
82
82
82
82
82
82
82
82
82
82
82
82
82
82
82
82
82
82
82
82
82
82
82
82
82
82
82
82
82
82
82
82
82
82
82
82
82
82
82
82
82
82
82
82
82
82
82
82
82
82
82
82
82
246
143
82
82
82
82
82
82
82
82
82
82
82
82
50
150
154
241
88
82
82
82
82
82
134
49
82
82
82
82
82
82
82
82
82
82
82
82
82
36
50
82
82
82
82
82
82
82
82
82
82
82
82
82
82
82
82
82
82
82
82
82
82
82
100
82
82
82
82
82
82
82
82
82
82
82
82
82
50
50
50
82
82
82
82
82
82
82
82
82
82
82
82
82
82
82
82
82
82
82
82
82
82
82
82
82
82
82
82
82
82
51
300
82
82
82
82
82
82
82
82
82
51
82
82
82
82
82
82
82
82
82
82
82
82
82
82
82
82
82
82
82
82
82
82
82
82
82
82
82
82
82
82
82
82
82
82
82
82
82
82
82
82
82
82
82
82
82
82
82
82
82
82
82
82
82
82
82
82
82
82
82
82
82
82
82
82
82
82
82
82
82
82
50
82
82
82
82
82
82
82
82
82
82
82
82
82
82
82
82
82
82
82
82
82
82
80
282
246
82
82
82
82
82
82
82
82
82
82
82
82
82
82
82
82
82
82
82
82
34
350
50
50
288
82
82
82
82
82
82
82
82
82
82
82
82
82
82
82
82
82
82
82
82
82
82
82
82
82
82
82
82
82
82
82
82
82
82
82
82
82
82
82
82
82
82
82
82
82
82
82
82
82
82
82
82
82
82
82
82
82
82
82
82
82
82
82
82
82
82
82
82
82
82
82
82
82
82
82
82
82
82
82
82
82
82
82
82
82
82
82
82
82
82
82
82
82
82
82
82
82
82
82
82
82
82
82
82
82
82
82
82
82
82
82
82
82
82
82
82
82
82
82
82
82
82
82
82
82
82
82
82
82
82
82
82
82
82
82
82
82
82
82
82
82
82
82
82
82
82
82
82
82
82
82
82
82
82
82
82
82
82
82
82
82
82
82
82
82
82
82
82
82
82
82
82
82
82
82
82
82
82
82
82
82
82
82
82
82
82
82
82
82
82
82
82
82
82
82
82
82
82
82
82
82
82
82
82
82
82
82
82
82
82
82
82
82
82
82
82
82
82
82
82
82
82
82
82
82
82
82
82
82
82
82
82
82
82
82
82
82
82
82
82
82
82
82
82
82
82
82
82
82
82
82
82
82
82
82
82
82
82
82
82
82
82
82
82
122
246
82
82
82
82
82
82
82
82
82
82
82
82
82
82
82
82
82
317
36
2723
53
53
143
906
143
97
67
82
82
82
82
82
82
82
82
82
82
82
82
82
82
82
82
82
82
82
82
82
82
82
82
82
82
82
82
82
82
82
82
82
492
100
82
82
82
82
82
82
82
82
82
82
82
82
82
82
82
50
150
38
82
82
82
82
82
82
82
82
82
82
82
82
82
82
82
82
82
82
82
82
82
82
82
82
82
82
82
82
82
82
82
82
82
82
82
82
82
82
82
82
82
82
82
50
82
82
82
82
82
82
82
82
82
82
82
82
82
82
82
82
82
82
82
82
82
82
82
82
82
82
82
82
82
82
82
82
82
82
82
82
82
82
82
82
82
82
82
82
82
82
82
82
82
82
82
82
82
82
82
82
82
82
82
82
82
82
82
82
82
82
50
82
82
82
82
82
82
82
82
82
82
82
82
82
82
82
82
82
82
82
82
82
82
82
36
36
50
50
82
82
82
82
82
82
82
82
82
82
82
82
82
82
82
82
82
82
82
82
82
82
82
82
82
82
82
82
82
82
82
82
82
300
300
65
463
82
82
82
82
82
82
82
82
82
82
82
82
82
82
82
82
82
82
82
82
82
82
82
57
1230
82
82
82
82
82
82
82
82
82
82
82
82
82
82
82
408
408
408
408
408
408
408
408
408
246
65
82
82
82
82
82
82
82
82
82
82
82
82
82
82
82
82
82
82
82
82
82
82
82
82
82
82
82
82
82
38
38
38
82
82
82
63
82
82
82
82
82
82
82
82
82
82
82
82
82
82
82
82
82
82
82
82
82
82
82
82
82
82
82
82
82
82
82
82
82
82
82
82
82
82
82
82
82
82
82
82
82
82
82
82
82
82
82
82
82
82
82
82
82
82
82
82
82
82
82
82
82
82
82
82
2275
50
143
82
82
82
82
82
82
82
82
82
82
82
82
82
82
82
246
408
936
1424
992
82
82
82
82
82
82
82
82
82
82
82
82
82
82
82
82
82
82
82
88
97
260
100
82
82
82
82
82
82
82
82
82
82
82
82
82
82
82
82
82
82
82
82
82
82
82
82
82
82
82
82
82
82
82
82
82
82
82
82
82
82
82
82
82
82
82
82
82
51
38
38
6250
250
82
82
82
82
82
82
82
82
82
82
82
82
82
82
82
82
82
82
82
82
82
82
82
82
82
82
82
82
82
82
68
82
82
82
82
82
82
82
82
82
82
82
82
82
82
82
82
82
82
82
82
82
82
82
82
82
82
82
82
82
82
82
82
82
82
82
82
150
82
82
82
82
82
82
82
82
82
82
82
82
82
82
82
82
82
82
82
82
82
82
82
82
82
82
82
82
82
82
82
82
82
82
82
82
82
82
82
82
82
82
82
82
82
82
82
150
108
50
50
128
1850
82
82
82
82
82
82
82
82
82
82
82
82
82
82
82
82
82
82
82
86
50
50
250
100
50
650
50
82
82
82
82
82
82
82
82
82
82
82
82
82
82
82
82
82
82
82
82
82
82
82
82
82
246
82
82
82
82
82
82
82
82
82
82
82
82
82
82
82
82
82
82
82
82
82
82
82
82
82
82
82
82
82
82
82
82
540
1486
82
82
82
82
82
82
82
82
82
82
82
82
82
82
82
82
82
82
82
82
82
82
82
82
82
82
100
36
136
469
845
650
246
82
82
82
82
82
82
82
82
82
82
82
82
82
82
82
82
82
82
82
82
82
82
82
82
82
82
82
82
82
82
82
82
82
82
82
82
36
900
193
51
50
234
39
52
97
393
38
300
82
82
82
82
82
82
82
82
82
82
82
82
82
82
82
82
82
82
82
82
82
841
82
193
100
50
82
82
82
82
82
82
82
82
82
82
82
82
82
82
82
82
82
82
82
82
82
82
82
82
50
100
316
63
300
67
419
82
82
82
82
82
82
82
82
82
82
82
82
82
82
82
82
82
82
82
82
145
240
36
51
332
82
82
82
82
82
82
82
82
82
82
82
82
82
82
82
82
82
82
82
82
82
82
51
82
82
82
82
82
82
82
82
82
82
82
82
82
82
82
82
82
82
82
82
82
82
82
82
82
82
82
82
82
82
82
82
82
82
82
82
82
82
82
82
82
82
82
82
82
82
82
82
82
82
82
82
82
82
82
82
82
51
82
82
82
82
82
82
82
82
82
82
82
82
82
82
82
82
82
82
82
82
82
82
82
82
82
82
82
82
64
82
82
82
82
82
82
82
82
82
82
82
82
82
82
82
82
82
82
84
50
82
82
82
82
82
82
82
82
82
82
82
82
82
69
82
82
82
82
82
82
82
82
82
82
82
82
82
82
82
82
82
82
82
82
82
100
100
82
82
171
82
82
82
82
82
82
82
82
82
82
82
82
82
82
82
82
82
82
82
82
82
82
82
82
82
82
82
82
82
82
82
82
82
82
82
82
82
82
82
82
82
82
82
82
82
82
82
82
82
82
82
82
82
82
82
82
82
82
82
82
82
82
288
82
82
82
82
82
82
82
82
82
82
82
82
82
82
82
82
82
82
82
82
82
82
82
82
82
82
82
82
82
82
82
82
82
82
82
82
82
82
82
82
82
82
82
82
82
82
82
82
82
82
82
82
82
1146
92
82
82
82
82
82
82
82
82
82
82
82
82
82
82
222
82
82
82
82
82
82
82
82
82
82
82
82
82
82
82
82
82
82
82
82
82
82
82
82
82
82
82
82
82
82
82
82
82
82
82
82
82
82
82
82
82
82
82
408
408
408
408
408
408
408
408
408
408
408
408
408
408
408
408
408
408
408
408
408
408
82
408
408
408
408
408
408
408
408
408
408
408
408
408
408
408
408
408
408
408
408
408
408
408
408
408
408
408
408
408
408
408
408
408
408
408
408
408
408
408
408
408
408
408
408
408
408
408
408
408
408
408
408
408
408
408
408
408
408
408
408
408
408
408
408
408
408
408
408
408
408
408
408
408
408
408
408
408
408
50
82
82
82
82
82
82
82
82
82
82
82
82
82
82
82
82
82
82
82
82
82
82
82
143
121
276
378
49
400
345
296
38
168
36
82
82
82
82
82
82
82
82
266
1380
1574
82
82
82
193
70
225
225
2898
202
483
382
189
977
69
70
51
52
97
984
142
125
2478
5242
130
130
576
286
429
119
937
76
88
542
542
169
80
160
442
197
169
668
227
306
78
39
39
78
95
78
3034
39
1018
39
468
507
78
233
206
76
3761
3940
9889
1363
430
2062
770
39
13445
9195
117
156
312
229
39
315
225
279
207
225
207
297
297
315
261
261
243
279
279
261
279
261
297
207
261
225
261
68
39
815
111
2166
41
41
511
160
52
1792
408
77
333
150
330
330
176
152
75
139
69
68
84
304
177
72
146
129
135
87
149
836
75
146
142
66
408
408
548
133
80
156
511
558
67
489
500
266
39
39
408
315
324
81
142
297
300
408
408
408
76
500
51
143
143
292
294
68
45
210
118
36
243
42
51
49
45
439
153
46
97
60
202
68
143
47
143
34
68
34
97
51
143
45
108
51
336
143
34
193
125
97
57
51
34
34
143
143
90
91
34
43
193
34
68
43
45
68
34
51
143
113
143
143
268
51
108
34
47
45
253
34
34
34
97
97
205
150
86
34
193
51
165
143
186
51
97
81
68
114
34
151
97
51
143
70
529462
2643570
34
51
180
44
44
44
253
1080
87
163
724
246
38
308
114
193
39
3894
408
408
408
408
408
408
408
408
408
408
408
408
408
408
408
408
408
408
408
68
68
152
82
76
75
1999
80
693
143
87
49
60
82
82
82
82
82
82
82
82
82
82
82
82
82
82
82
82
82
82
82
82
82
82
82
82
82
82
82
87
74
146
80
160
51
51
57
63
318
312
502
234
384
58
171
34
34
340
174
76
147
453
73
51
408
408
408
408
408
408
408
408
300
408
408
408
408
408
408
408
89
408
408
408
408
408
408
51
36
408
408
408
408
408
408
408
408
408
408
408
408
408
408
408
408
408
408
408
408
408
408
408
408
408
408
408
408
408
408
408
408
408
408
408
408
408
408
408
408
408
408
122
408
408
408
408
140
408
408
408
408
408
408
408
408
408
408
408
408
408
408
408
408
408
408
408
408
408
408
408
408
408
804
507
136
214
68
408
408
408
408
408
408
408
408
408
408
408
408
408
408
210
408
408
408
408
408
408
408
408
408
408
388
408
390
369
408
408
408
408
408
408
408
408
408
408
408
408
408
408
408
408
408
408
408
408
408
408
408
408
408
408
408
408
408
408
408
408
408
408
408
408
408
408
408
408
408
408
408
408
233
408
408
408
408
408
408
408
51
193
408
51
44
44
48
44
44
408
408
408
408
408
408
408
408
408
408
408
408
408
408
408
408
408
408
408
408
408
408
408
408
408
408
408
128
207
304
265
66
57
193
34
106
34
82
82
82
82
82
82
82
82
82
82
82
82
82
82
82
82
82
82
82
82
82
82
82
82
82
82
82
82
82
82
483
77
34
85
156
235
408
408
408
408
408
408
408
408
408
408
408
408
205
408
408
408
408
408
408
408
408
408
408
76
162
389
408
408
408
408
408
408
408
408
408
408
408
408
408
408
408
408
408
408
408
408
408
408
408
408
408
408
408
408
408
408
408
408
408
408
1558
408
408
408
408
408
408
408
408
408
408
408
408
408
408
408
408
408
408
408
408
408
408
408
408
408
408
408
408
408
408
408
408
408
120
408
408
408
408
408
408
408
408
147
408
408
408
408
408
408
408
408
408
408
408
408
408
408
408
408
408
408
408
408
408
408
408
408
408
408
408
408
408
408
408
408
408
408
408
408
408
408
408
408
408
408
408
408
408
408
408
408
408
159
408
408
408
408
408
408
408
408
408
408
408
408
408
408
408
408
408
408
408
138
408
408
408
408
408
408
408
408
408
408
408
408
408
408
408
408
408
408
408
408
408
408
456
251
564
408
408
408
408
408
408
408
408
408
408
408
408
408
408
408
408
408
408
408
408
408
408
408
408
408
408
144
408
408
408
408
408
408
408
408
408
408
408
91
51
91
44
44
44
82
1663
80
55
83
143
82
82
82
408
408
408
408
408
408
408
408
408
408
664
408
408
408
408
408
408
408
408
408
408
408
408
408
408
408
408
408
408
408
408
408
408
408
408
408
408
408
408
408
408
408
408
408
408
408
408
408
408
408
408
408
408
408
408
408
408
408
408
408
408
408
408
408
408
408
408
408
408
408
408
408
408
1113
408
408
408
408
408
408
408
408
49
408
408
408
408
760
176
408
408
408
408
408
408
408
408
408
408
408
408
408
408
408
408
408
408
408
408
123
408
408
408
408
408
408
408
408
408
408
408
408
408
408
408
408
408
408
408
408
408
408
153
408
408
408
408
408
408
408
408
408
408
408
408
408
408
408
408
408
408
408
408
408
408
408
408
236
408
408
408
408
254
408
408
408
408
408
408
408
408
408
408
408
408
408
408
408
408
408
252
408
408
408
408
408
408
408
345
408
408
408
408
408
408
408
408
408
408
408
408
408
196
408
408
408
408
408
408
408
408
408
408
408
408
408
408
408
186
408
408
408
408
408
408
408
408
408
408
408
408
408
408
408
408
408
408
408
408
408
408
408
408
408
408
408
408
408
408
408
408
408
408
408
844
408
633
408
408
408
408
408
408
408
408
408
408
408
408
408
155
408
408
408
408
408
408
408
408
408
44
44
44
51
283
51
159
82
82
82
82
198
44
132
34
34
303
241
108
143
51
108
143
143
143
143
143
51
408
51
51
589
202
51
171
51
51
51
51
51
51
356
290
51
240
189
417
51
57
46
116
1261
631
384
860
504
379
174
395
646
264
1156
449
284
408
150
150
69
81
117
2960
3108
3034
131
312
272
513
152
75
152
150
77
152
78
77
78
76
154
154
152
77
75
152
76
148
62
82
82
82
82
82
82
80
82
82
82
82
82
82
82
82
82
82
82
82
82
82
80
222
82
82
82
82
82
82
82
82
82
82
82
82
82
82
110
82
82
82
82
82
82
82
82
82
82
82
50
82
82
82
82
82
82
82
82
82
82
82
82
82
82
82
82
82
50
192
57
50
141
80
45
34
143
143
52
52
143
193
350
165
163
34
55
34
165
82
82
82
82
82
82
82
82
82
82
143
57
88
34
34
61
34
51
70
68
143
108
154
143
34
193
46
34
34
50
34
108
45
194
34
51
50
34
1900
49
51
68
50
50
102
51
34
51
34
45
165
165
102
169
34
46
52
108
34
97
34
34
155
193
50
51
170
143
51
34
222
55
186
68
51
310
237
79
43
51
228
198
79
51
51
143
186
34
100
34
51
81
69
108
188
45
143
108
51
34
265
114
34
68
34
165
68
82
82
152
34
38
97
114
78
283
68
34
57
143
187
301
51
34
34
144
97
126
57
446
417
34
38
193
43
169
143
261
165
51
51
74
88
204
72
72
82
82
82
82
82
82
82
82
82
82
82
82
82
82
137
1597
134
82
703
764
122
150
358
83
332
583
141
408
408
408
54
97
54
97
54
97
97
97
151
97
170
40
196
44
60
408
525
360
153
2896
4341
169
40
39
39
148
683
1324
99
67
273
202
419
78
507
240
39
1115
39
39
48
260
178
473
600
483
152
275
408
408
408
408
408
140
342
494
319
184
71
71
75
168
408
408
160
528
276
982
60
408
350
175
143
143
310
408
3202
39
627
39
156
1281
39
254
39
321
60
39
39
234
39
310
39
9545
78
1278
99
438
65
379
160
57
116
2131
175
156
170
288
505
281
131
75
76
97
322
320
292
233
67
779
284
421
76
127
165
155
88
881399
168
239
154
154
231
66040
628
157
120
242
1593959
77
75
152
75
152
152
150
154354
150
237
464
372
80
105
160
165
592
3037
197
473
184
184
270
826
1811
80
1302
52
198
74
156
943
505
888
80
44
6930
116
139
498
694
408
225
261
261
153
279
225
315
297
297
225
225
233
180
483
471
64
177
88
534
408
77
39
213
9490
935
387
1430
726
60
42
64
974
34
806
408
408
408
203
408
310
148
408
408
408
1380
1501
1501
1198
160
826
408
408
40
69676
408
80
765
233
14580
40
40
408
294
4502
80
1302
1488
510
928
592
209
408
408
928
978
117
60
555
1320
44
4546
99
955
39
60
590
863
1096
78
922
220
40
506
156
39
1604
856
117
39
312
829
39
39
39
2125
711
67
693
323
338
58
39
39
152
39
60
168
206
66
416
80
60
39
50
44
117
314
234
75
294
779
292
1806
156
44
648
2226
3292
540
2205
2441
302
546
212
227
73
39
39
195
225
207
75
39
2196
117
328
39
969
574
39
4084
39
39
39
1308
156
542
2567
52
272
57
163
469
162
78
226
110
104
260
104
52
160
51
156
99
39
39
39
101
51
111
144
52
103
359
212
1026
106
73
228
669
505
535
166
2072
930
179
448
2019
408
308
165
68
34
68
68
34
34
104
98
34
34
38
400
438
160
9580
400
400
80
400
400
80
408
41
82
83
321
236
148
2696
2784
65
65
64
142
521
135
408
408
408
49
57
127
150
150
135
135
191
205
165
220
202
374
175
374
709
2925
194
179
161
160
1039
144
304
591
80
80
148
44
82
82
82
82
82
82
82
82
82
82
82
82
82
82
82
82
82
82
82
82
82
82
82
82
82
82
82
82
82
82
82
82
82
82
82
82
82
82
82
82
82
82
82
82
82
82
82
82
82
82
82
82
82
82
82
82
82
82
82
82
82
82
82
82
82
82
82
57
67
72
66
160
264
89
191
218
462
201
538
832
160
212
80
82
82
82
82
50
82
78
279
240
759
592
670
344
68
1170
80
222
76
65
165
79
77
228
264
124
62
124
88
88
340
70
500
122
478
316
308
121984
80
87
82
82
69
200
63
63
66
91
82
82
82
82
82
82
82
82
82
82
82
82
82
82
82
82
82
82
82
82
82
80
148
69
682
81
73
86
461
79
528
641
77
144
67
138
81
68
221
63
198
72
67
128
504
517
198
138
148
70
65
381
949
380
146
68
66
63
75
219
210
221
154
72
79
364
67
64
67
69
132
150
200
66
88
79
70
76
134
65
64
67
1121
472
64
80
80
79
78
162
57
98
46
171
46
46
46
46
46
46
423
57
57
12247
367
161
84
260
639
234
76
156
78
80
162
158
78
82
82
82
82
82
82
82
82
82
82
82
82
82
82
302
75
80
85
79
77
72
82
82
82
82
82
82
69
1242
63
65
138
74
598
68
68
138
308
76
144
298
75
408
408
408
408
408
408
408
408
408
408
408
82
82
82
82
82
82
82
82
1350
1164
551
79
80
877
77
622
80
137
146
69
500
163
82
222
176
79
151
85
145
80
215
82
82
82
82
82
82
82
82
82
82
82
87
80
82
80
70
70
243
40
44
48
44
51
494
76
352
51
195
82
82
82
82
82
82
82
82
68
332
127
147
44
44
152
311
489
408
369
82
82
82
82
82
82
82
82
82
82
82
44
44
180
76
75
76
76
83
100
296
500
82
82
82
82
82
82
82
82
82
82
82
82
82
44
408
408
44
44
408
48
88
51
44
189
467
70
152
256
68
143
94
51
65
160
314
143
146
102
147
102
143
51
193
143
97
80
57
408
408
256
807
4035
44
920
49
49
49
49
49
49
175
408
402
80
82
63
137
80
300
408
467
408
408
47
408
408
408
408
408
408
408
408
408
408
408
177
408
408
408
408
408
408
408
408
155
408
408
408
408
408
408
640
44
44
44
44
268
163
414
154
110
408
408
408
408
57
408
97
114
154
408
408
408
408
408
408
408
114
408
408
386
360
408
408
408
408
408
408
88
408
408
408
408
408
408
408
408
408
167
173
408
408
41
410
408
408
408
408
408
133
174
578
143
328
44
408
146
684
408
408
408
408
408
408
226
408
408
408
408
408
408
408
408
408
408
408
408
408
408
408
376
342
408
344
408
408
408
408
374
193
605
408
408
164
164
458
408
408
215
398
408
225
408
408
408
408
408
408
408
408
408
92
252
408
408
408
408
408
408
408
408
408
408
408
1038
408
193
408
408
346
80
75
408
617
225
160
144
229
76
408
408
100
408
408
408
97
408
408
408
82
82
408
408
69
50
80
408
101
640
416
40
151
149
547
408
408
408
143
193
80
408
1658
40
167
160
180
80
80
321
67
144
141
155
630
700
39
1080
1990
75
2043
2448
5980
1195
520
2271
78
499
164
494
141
128
193
150
693
384
92
727
237
237
272
173
163
2874
1502
408
408
408
747
156
408
408
140
46
246
167
446
322
133
165
218
26418
719
279
198
600
243
492
408
170
510
234
233
408
408
149
234
946
408
164
1130
408
237
238
369
408
408
408
369
57
69
474
73
82
82
82
82
82
82
82
82
82
82
82
82
82
82
82
82
82
82
82
82
82
82
82
82
82
82
82
82
82
82
82
82
82
82
82
82
82
82
82
82
82
82
82
82
82
82
82
82
82
82
82
82
82
82
82
82
82
82
82
82
82
82
82
82
82
82
82
82
82
82
82
82
82
82
82
82
82
82
82
82
82
82
82
82
82
82
82
82
82
82
82
82
82
82
82
82
82
82
82
82
82
82
82
82
82
82
82
82
82
82
82
82
82
82
82
82
82
82
82
82
82
82
82
82
82
82
82
82
82
82
82
82
82
82
82
82
82
82
82
82
82
82
82
82
82
82
82
82
82
82
82
82
82
82
82
82
82
82
82
82
82
82
82
408
320
133
143
50
143
143
143
143
286
108
108
756
395
161
382
625
489
204
354
411
1812
80
416
117
411
60
644
312
589
39
117
280
272
81
397
375
150
197
138
114
210
104
228
590
1094
1952
156
60
94
39
39
223
39
40
39
99
77
411
1065
144
44
78
386
284
352
44
686
328
36
117
771158
167
100
383
350
380
65
566
582
548
403
78
80
173
363
352
264
373
143
50
50
100
291
939
625
386
608
50
798
5184
582
2203
4479
222
39
39
222
207
94
358
263
71
374
374
374
374
67
222
194
510
310
397
169
967
160
200
36
306
495
66
50
50
86
151
161
50
133
40
327
40
40
246
492
34
34
34
437
246
78
180
258
39
263
800
51
646
57
63
57
46
57
57
104
114
50
57
57
57
63
228
57
57
46
104
76
46
46
104
270
46
154
154
57
57
46
57
50
154
167
176
87
88
165
163
57
148
114
114
285
126
57
148
57
46
57
58
63
46
148
63
57
57
138
240
171
57
58
63
69
57
58
63
46
103
171
46
58
109
114
121
75
57
121
58
58
183
103
46
63
57
63
46
69
58
114
57
57
58
46
57
57
57
57
46
136
78
114
57
63
189
57
114
468
46
46
183
46
46
57
103
132
46
57
103
229
58
228
63
120
63
57
103
57
57
58
114
57
46
57
46
57
57
46
57
57
57
57
46
58
57
160
58
120
58
46
178
46
240
58
177
58
46
46
57
46
46
46
178
46
411
57
46
315
88
253
245
315
242
150
82
51
51
480
143
51
143
44
44
547
5415
1322
39
1534
39
100
304
1154
187
308
623
117
156
39
156
117
117
195
662
341
39
39
39
599
117
351
44
536
78
904
234
39
477
1074
78
39
546
314
5262
76
156
989
171
387
39
596
208
294
67
236
74
280
67
402
2066
918
78
39
364
71
716
4964
2648
60
579
67
195
117
1708
138
329
367
220
318
194
895
319
68
1032
39
319
216
1605
1757
39
67
184
385
2051
1222
345
134
78
76
448
39
39
383
246
39
80
243
78
176
500
333
1234
1259
60
1034
594
39
472
44
165
39
273
60
5602
369
99
60
351
39
7030
134
39
302
79
271
140
5336
9998
39
231
772
312
177
312
536
60
39
78
6195
762
39
156
78
78
411
156
351
251
60
6032
307
36
78
106
39
156
39
554
370
117
282
39
1486
40
322
78
39
116
803
156
78
78
201
78
201
39
265
78
39
72
117
39
39
39
39
345
267
287
222
564
60
39
2119
872
39
117
39
486
255
173
5964
39
78
568
117
907
329
73
60
219
39
39
624
162
156
39
156
78
117
39
39
978
79
39
39
39
195
207
117
39
78
67
78
67
299
138
60
78
340
39
1238
134
2278
138
39
553
78
277
275
39
2387
20411
39
134
99
277
534
222
402
219
60
71
78
39
683
1139
117
39
39
117
216
616
78
156
224
276
39
39
39
78
201
447
39
574
76
310
365
117
78
566
39
39
39
39
78
39
117
302
39
39
39
78
117
39
195
67
6831
99
39
67
156
288
117
1801
325
446
370
60
1059
1016
60
60
1041
60
39
99
920
330
39
39
39
78
39
39
60
78
3382
512
956
698
415
203
408
408
60
134
99
60
60
39
369
60
391
5844
39
282
78
601
60
39
60
292
266
40
196
39
408
330
36
242
193
278
380
86
50
216
121
39
222
120
77
39
134
1296
1091
39
78
258
39
39
39
117
205
327
102
813
52
1006
324
125
525
39
39
78
38
605
1634
1664
73
67
2406
39
566
39
39
67
205
678
39
39
343
501
39
78
225
1511
248
225
39
288
39
117
39
182
39
3561
4370
1968
1072
39
365
3693
216
296
724
195
624
614
3501
4204
309
78
225
2104
60
1697
340
60
78
508
50
78
39
2776
705
39
78
39
39
834
78
78
78
39
39
156
78
117
477
78
50
340
201
39
475
288
39
39
39
117
78
150
67
156
432
328
328
134
39
2160
318
894
39
314
331
276
554
506
1410
1326
285
453
666
4050
216
39
75
1927
39
338
182
78
232
39
78
1164
366
78
325
69
279
39
51
400
60
3511
60
346
39
173
143
431
665
1075
39
78
3337
846
460
736
156
391
195
77
222
39
693
39
141
60
515
4190
241
404
804
245
39
977
60
1044
311
321
82
82
82
82
193
308
484
143
161
1165
484
69
1345
408
57
80
50
49
188
273
11281
1764
49
1080
178
89
34
34
75
207
67
64
76
120
314
672
210
34
34
34
51
34
45
57
34
143
34
108
143
291
51
224
34
34
57
313
68
34
52
34
34
51
34
51
34
34
111
34
34
134
79
34
34
143
130
51
248
77
34
34
78
34
34
143
51
68
34
43
495
40
165
143
82
82
82
82
82
82
82
82
82
82
82
82
82
82
82
82
82
82
82
82
82
82
65
82
82
82
82
82
82
82
82
82
82
82
82
82
82
82
82
82
82
82
82
82
82
82
82
82
82
408
408
50
34
50
36
80
50
50
36
82
82
82
82
82
408
408
408
408
408
408
408
408
408
408
408
408
408
408
49
82
82
82
82
82
82
82
82
82
82
82
82
82
82
82
82
82
82
50
82
82
82
82
82
82
82
82
82
82
82
82
82
82
82
82
82
82
82
82
82
82
82
82
82
82
82
82
82
82
82
82
82
82
736
88
936
376
88
736
67
200
50
36
130
67
500
74
125
76
80
73
71
80
87
616
64
151
312
64
138
76
141
69
64
82
82
82
82
82
82
82
82
82
82
82
82
82
82
82
82
82
82
82
82
82
82
82
82
82
82
82
82
82
82
82
82
82
82
82
82
82
82
82
82
82
82
82
82
82
82
82
82
82
82
82
82
82
82
82
82
82
82
82
82
82
164
82
82
82
82
82
82
82
82
82
82
82
82
82
82
82
82
82
82
82
82
82
82
82
82
82
82
82
82
82
82
82
317
79
114
160
78
73
143
80
309
76
246
50
82
82
82
82
82
82
82
73
73
70
68
87
46
114
179
229
70
408
229
143
246
300
141
86
36
246
82
82
82
82
82
82
82
82
82
82
82
82
82
82
82
82
82
82
82
82
82
82
82
82
82
68
82
82
82
82
82
82
82
82
82
82
82
82
82
82
82
82
82
82
82
82
82
82
82
82
82
82
82
82
82
82
82
82
82
82
50
50
50
50
36
106
38
36
36
50
300
82
82
82
82
82
82
82
82
36
82
82
82
82
82
82
82
82
82
82
82
82
50
82
82
82
150
36
36
140
88
472
82
82
82
82
82
82
82
82
82
82
82
82
687
825
50
50
50
458
138
129
646
82
82
82
82
82
82
82
82
82
82
82
82
82
82
82
82
82
82
300
409
50
82
82
82
82
82
82
82
143
50
15653
50
50
246
67
193
82
82
82
82
82
82
82
82
82
82
82
82
82
82
82
82
82
82
82
82
82
82
82
82
82
82
82
82
82
82
82
82
82
82
82
82
135
1244
444
660
71
100
89
65
82
82
82
82
82
82
82
82
82
82
82
82
82
82
82
82
82
82
82
82
82
82
82
82
82
82
82
82
82
82
82
82
82
82
82
82
82
82
206
36
36
72
71
408
82
82
82
82
82
82
82
82
226
82
82
82
82
82
82
82
82
82
38
501
82
82
82
82
82
82
82
82
82
82
82
82
82
82
82
82
74
82
82
82
82
82
82
72
390
82
82
82
82
82
82
82
82
82
82
82
36
82
82
82
82
82
82
82
82
82
82
82
82
82
82
82
82
82
82
82
82
82
82
82
82
82
82
82
82
82
82
171
200
50
50
50
50
82
82
82
82
82
82
82
82
82
82
82
82
82
82
82
82
50
50
106
108
50
82
246
82
82
82
82
82
82
82
82
82
82
82
64
50
50
38
1000
82
82
82
50
50
82
82
82
82
82
82
82
82
82
82
82
82
82
82
82
82
82
82
57
46
57
57
150
46
57
57
46
46
46
82
82
82
82
82
82
82
82
82
82
82
82
82
82
82
82
82
82
82
82
82
82
82
82
82
82
82
82
82
82
82
82
82
82
82
82
82
82
82
82
82
82
82
82
82
82
82
82
82
82
82
82
82
82
82
82
82
82
82
82
82
82
82
82
82
82
82
82
82
82
82
82
82
82
82
82
82
82
82
82
82
82
82
82
82
82
82
82
82
82
82
82
82
82
82
82
82
82
82
82
82
82
82
82
82
82
82
82
82
82
82
82
82
82
82
82
82
82
82
82
82
82
82
82
82
82
50
80
50
34
50
50
50
50
82
82
82
82
82
82
82
82
82
133
200
36
193
36
50
50
200
38
50
50
650
50
50
82
82
82
82
82
82
82
82
82
82
82
82
82
82
82
82
82
82
82
82
82
82
82
82
50
50
50
50
50
52
151
50
36
82
82
82
82
82
82
82
82
82
82
82
82
82
82
82
82
82
82
82
82
82
82
82
82
82
82
82
50
50
36
250
72
50
600
114
114
57
110
46
81
57
50
36
36
82
82
82
82
82
82
82
82
82
82
82
82
82
82
82
82
82
82
82
82
82
82
82
82
82
82
82
82
82
82
82
82
82
82
82
82
82
82
82
82
82
82
82
82
82
143
82
82
82
82
82
82
82
82
82
82
82
82
82
82
82
82
82
82
82
82
82
82
82
154
154
36
108
82
82
82
82
82
82
82
82
82
82
82
82
82
82
82
50
50
51
675
124
71
67
82
82
82
82
82
82
82
82
82
82
82
82
82
82
82
82
82
82
82
82
82
82
82
82
82
82
82
82
82
82
82
82
82
82
82
82
82
82
82
82
82
82
82
82
82
82
82
82
82
82
82
82
82
82
82
82
82
82
82
82
82
82
82
82
82
82
82
82
82
82
82
82
82
82
82
82
82
82
82
82
82
82
82
82
82
82
82
82
82
82
82
82
82
82
82
82
82
82
82
82
82
82
82
82
82
82
82
82
82
82
82
82
82
82
82
82
492
492
140
233
846
82
82
82
82
82
82
82
82
82
82
82
82
82
82
82
82
82
82
82
82
82
82
82
82
82
143
68
72
82
82
82
82
82
82
82
82
82
82
36
129
82
82
82
82
82
82
82
82
82
82
82
82
82
82
82
82
82
82
82
82
82
51
50
57
50
2520
200
51
250
36
209
82
82
82
82
82
82
82
82
246
82
50
246
450
50
408
408
408
222
51
82
82
82
201
153
408
408
82
82
82
82
82
82
82
82
82
82
82
82
82
65
50
50
50
50
100
408
408
408
408
408
408
408
408
408
408
408
408
148
38
51
82
82
50
86
50
82
82
82
82
82
82
82
82
82
82
82
82
82
82
82
82
82
82
50
50
50
142
143
246
82
82
82
82
82
82
82
82
82
82
82
82
82
82
82
82
82
82
82
82
82
82
82
82
82
82
82
82
82
82
82
82
82
82
82
82
82
82
82
246
82
82
82
82
82
82
82
82
82
82
82
82
82
82
82
82
82
82
82
82
82
82
100
50
50
246
82
82
82
82
82
82
82
82
82
82
82
82
82
82
82
82
82
82
82
82
82
82
82
82
82
82
82
50
114
312
108
143
51
73
82
82
82
82
82
82
82
82
82
82
82
82
82
82
82
82
82
82
82
82
82
82
82
57
58
122
185
185
185
57
162
46
46
350
240
222
144
448
408
408
408
408
408
408
408
408
408
408
408
408
408
408
408
408
408
408
408
408
408
408
408
408
408
408
408
408
408
408
408
408
106
184
488
206
356
613
310
39
76
77
82
82
76
80
212
114
114
114
421
326
305
81
236
132
1793
182
72
1536
255
321
69
263
1080
1080
193
335
240
49
49
49
49
49
49
49
345
972
201
408
91
345
218
302
192
258
129
443
303
286
419
328
161
471
800
882
292
304
77
203
2823
97
143
143
34
210
34
34
34
97
159
45
34
571
155
68
363
34
34
193
47
102
108
237
165
51
94
329
51
249
143
50
63
82
82
82
82
82
82
82
82
82
82
82
69
128
460
133
78
420
